0
396
526
643
759
855
936
1008
1077
1144
1208
1269
1326
1381
1433
1482
1530
1577
1622
1665
1708
1750
1791
1832
1871
1910
1948
1986
2022
2057
2092
2126
2159
2191
2224
2256
2287
2319
2350
2381
2411
2441
2471
2501
2530
2559
2587
2615
2643
2670
2697
2724
2751
2777
2803
2828
2854
2879
2904
2928
2953
2977
3002
3026
3050
3074
3097
3121
3144
3167
3190
3213
3236
3258
3280
3302
3324
3345
3367
3388
3409
3430
3451
3472
3493
3513
3534
3555
3575
3596
3616
3636
3656
3677
3697
3716
3736
3756
3776
3795
3814
3834
3853
3872
3890
3909
3928
3946
3965
3983
4001
4019
4037
4055
4073
4091
4109
4126
4144
4161
4178
4196
4213
4230
4247
4264
4281
4298
4315
4332
4349
4366
4383
4400
4416
4433
4450
4466
4483
4500
4516
4533
4549
4565
4582
4598
4614
4631
4647
4663
4679
4695
4710
4726
4742
4758
4773
4789
4804
4819
4835
4850
4865
4880
4895
4910
4925
4940
4955
4970
4985
5000
5015
5030
5044
5059
5074
5089
5104
5119
5133
5148
5163
5177
5192
5206
5221
5235
5250
5264
5278
5292
5306
5320
5334
5348
5362
5376
5390
5404
5418
5432
5446
5459
5473
5487
5501
5515
5529
5543
5557
5571
5586
5600
5614
5628
5641
5655
5669
5683
5696
5710
5723
5736
5749
5762
5775
5788
5800
5813
5825
5838
5850
5863
5875
5887
5900
5912
5925
5937
5950
5963
5976
5989
6002
6016
6029
6043
6057
6071
6085
6099
6113
6127
6142
6156
6170
6184
6198
6212
6225
6239
6252
6265
6278
6291
6304
6317
6329
6342
6354
6366
6378
6391
6403
6415
6427
6439
6451
6463
6475
6488
6500
6512
6525
6538
6550
6563
6575
6588
6601
6613
6626
6639
6651
6664
6676
6688
6701
6713
6725
6737
6748
6760
6771
6782
6794
6805
6816
6826
6837
6848
6859
6869
6880
6891
6902
6912
6923
6934
6945
6956
6968
6979
6990
7002
7014
7026
7038
7050
7063
7075
7088
7100
7113
7126
7138
7151
7164
7176
7189
7201
7214
7226
7238
7250
7262
7274
7286
7297
7309
7320
7331
7342
7353
7364
7375
7386
7397
7408
7418
7429
7440
7450
7461
7472
7482
7493
7504
7514
7525
7536
7547
7558
7568
7579
7590
7601
7612
7623
7634
7645
7656
7667
7679
7690
7701
7712
7724
7735
7746
7758
7769
7781
7792
7804
7815
7827
7838
7850
7862
7873
7885
7897
7909
7920
7932
7944
7956
7968
7979
7991
8003
8015
8027
8039
8051
8062
8074
8086
8098
8110
8122
8133
8145
8157
8168
8180
8191
8203
8214
8226
8237
8248
8259
8271
8282
8293
8304
8315
8325
8336
8347
8358
8369
8380
8391
8402
8412
8423
8434
8446
8457
8468
8479
8491
8502
8514
8525
8537
8549
8560
8572
8584
8596
8608
8620
8632
8644
8655
8667
8679
8691
8702
8714
8725
8736
8747
8758
8769
8780
8791
8801
8811
8822
8832
8842
8853
8863
8873
8883
8893
8904
8914
8924
8934
8945
8955
8966
8976
8987
8998
9009
9020
9032
9043
9054
9066
9078
9089
9101
9113
9125
9137
9149
9161
9172
9184
9196
9208
9220
9232
9243
9255
9266
9278
9289
9300
9311
9323
9334
9345
9356
9367
9378
9389
9399
9410
9421
9432
9443
9454
9465
9475
9486
9497
9508
9519
9530
9541
9552
9563
9574
9585
9596
9607
9618
9629
9640
9652
9663
9674
9685
9696
9707
9718
9729
9740
9751
9762
9773
9783
9794
9805
9816
9827
9838
9849
9859
9870
9881
9892
9903
9914
9925
9937
9948
9959
9970
9982
9993
10005
10016
10028
10039
10051
10063
10075
10087
10098
10110
10122
10134
10146
10158
10169
10181
10193
10204
10216
10227
10239
10250
10261
10272
10283
10294
10305
10315
10326
10337
10348
10358
10369
10380
10391
10402
10413
10424
10435
10446
10457
10469
10480
10492
10504
10516
10528
10540
10552
10565
10578
10590
10603
10615
10628
10641
10653
10666
10679
10691
10704
10716
10728
10740
10752
10763
10775
10786
10798
10809
10820
10831
10841
10852
10863
10874
10884
10895
10906
10917
10927
10938
10949
10960
10971
10983
10994
11006
11017
11029
11041
11053
11065
11077
11090
11102
11115
11127
11140
11152
11165
11178
11191
11203
11216
11229
11241
11254
11267
11279
11292
11304
11317
11329
11342
11354
11367
11379
11391
11404
11416
11428
11441
11453
11465
11477
11490
11502
11514
11527
11539
11551
11564
11576
11588
11601
11613
11625
11638
11650
11663
11675
11688
11700
11713
11725
11738
11750
11763
11775
11788
11801
11814
11826
11839
11852
11865
11878
11892
11905
11918
11932
11946
11959
11973
11987
12002
12016
12031
12045
12060
12074
12089
12104
12118
12133
12147
12162
12176
12190
12204
12217
12230
12243
12256
12268
12280
12292
12304
12315
12326
12337
12348
12359
12370
12381
12392
12404
12415
12426
12438
12450
12462
12475
12488
12501
12515
12529
12543
12558
12573
12588
12603
12619
12635
12651
12666
12682
12698
12714
12730
12745
12761
12776
12791
12806
12821
12835
12850
12864
12878
12892
12906
12920
12934
12947
12961
12974
12988
13001
13014
13027
13040
13053
13066
13079
13093
13106
13120
13134
13148
13162
13177
13192
13208
13224
13240
13257
13275
13293
13311
13329
13348
13366
13385
13404
13422
13440
13458
13476
13493
13509
13525
13540
13556
13570
13585
13599
13613
13628
13642
13657
13672
13687
13703
13719
13736
13753
13772
13791
13810
13830
13850
13871
13891
13912
13932
13953
13973
13992
14011
14030
14048
14065
14082
14099
14115
14132
14148
14163
14179
14195
14210
14226
14242
14258
14274
14290
14306
14322
14339
14355
14372
14389
14405
14422
14439
14456
14472
14489
14506
14523
14540
14557
14574
14591
14608
14626
14644
14662
14681
14700
14720
14740
14761
14782
14804
14826
14848
14871
14893
14916
14938
14960
14982
15004
15024
15045
15065
15085
15104
15124
15143
15162
15182
15201
15221
15241
15262
15283
15304
15325
15347
15369
15392
15414
15437
15460
15482
15505
15528
15552
15575
15599
15623
15648
15673
15699
15726
15754
15783
15813
15843
15873
15902
15930
15958
15984
16008
16030
16052
16074
16098
16124
16154
16188
16228
16275
16328
16383