0
384
532
653
758
850
932
1006
1076
1142
1205
1266
1329
1389
1446
1501
1553
1605
1655
1703
1750
1795
1840
1883
1925
1967
2007
2047
2086
2124
2162
2199
2235
2271
2306
2341
2375
2408
2442
2475
2507
2539
2570
2602
2633
2663
2694
2724
2753
2782
2811
2840
2869
2897
2925
2953
2981
3007
3035
3062
3088
3115
3141
3167
3193
3218
3245
3270
3295
3320
3345
3370
3394
3419
3443
3467
3492
3515
3539
3562
3586
3609
3633
3656
3679
3702
3725
3748
3770
3793
3815
3838
3859
3882
3904
3926
3947
3970
3991
4013
4034
4056
4076
4098
4119
4141
4161
4183
4203
4224
4245
4266
4286
4307
4327
4347
4367
4388
4408
4428
4448
4468
4488
4508
4528
4547
4567
4587
4607
4626
4646
4665
4685
4704
4723
4742
4761
4781
4799
4819
4837
4856
4875
4894
4913
4931
4951
4969
4987
5006
5025
5043
5061
5080
5098
5116
5135
5153
5172
5189
5208
5225
5244
5262
5279
5298
5315
5333
5351
5369
5387
5404
5422
5439
5457
5474
5492
5510
5527
5544
5562
5579
5597
5613
5631
5648
5666
5683
5699
5717
5734
5750
5768
5784
5802
5818
5835
5852
5869
5885
5903
5919
5936
5952
5969
5986
6002
6019
6035
6052
6069
6084
6101
6118
6134
6151
6166
6183
6199
6215
6232
6247
6263
6280
6296
6312
6328
6344
6360
6376
6391
6408
6423
6440
6455
6471
6487
6502
6518
6534
6549
6565
6581
6596
6612
6628
6643
6658
6674
6689
6705
6720
6735
6751
6766
6782
6797
6812
6828
6843
6857
6873
6888
6903
6919
6933
6948
6964
6978
6994
7009
7023
7039
7054
7068
7083
7098
7113
7128
7142
7157
7172
7187
7201
7216
7230
7245
7260
7274
7289
7304
7318
7333
7347
7361
7376
7391
7405
7419
7434
7448
7462
7477
7491
7505
7520
7533
7548
7562
7576
7590
7605
7618
7632
7647
7661
7675
7689
7703
7716
7731
7745
7759
7773
7786
7800
7814
7828
7841
7855
7869
7883
7897
7911
7924
7938
7952
7965
7979
7993
8006
8020
8034
8047
8060
8074
8087
8101
8115
8128
8141
8155
8168
8181
8195
8208
8221
8235
8248
8261
8274
8288
8301
8314
8328
8340
8353
8367
8380
8393
8406
8419
8432
8445
8459
8471
8484
8498
8510
8523
8537
8549
8562
8575
8588
8601
8613
8627
8639
8652
8665
8678
8690
8703
8716
8729
8742
8755
8767
8779
8792
8805
8817
8830
8843
8855
8868
8881
8893
8905
8918
8931
8943
8956
8969
8981
8993
9006
9018
9030
9042
9055
9068
9080
9093
9105
9117
9129
9142
9154
9166
9178
9191
9203
9215
9228
9240
9251
9264
9276
9288
9301
9313
9325
9337
9349
9361
9373
9385
9397
9410
9421
9434
9446
9457
9469
9482
9494
9505
9518
9530
9541
9553
9566
9577
9589
9601
9613
9625
9636
9649
9661
9672
9684
9696
9708
9719
9732
9743
9755
9766
9779
9790
9802
9813
9825
9837
9848
9861
9872
9884
9895
9907
9919
9930
9941
9954
9965
9977
9989
10000
10012
10023
10035
10047
10058
10070
10082
10093
10104
10116
10128
10139
10150
10161
10173
10185
10196
10208
10219
10230
10242
10254
10265
10276
10288
10300
10311
10322
10334
10345
10356
10367
10379
10391
10402
10413
10425
10436
10447
10459
10470
10481
10493
10505
10516
10527
10538
10550
10561
10572
10583
10595
10606
10617
10629
10640
10651
10662
10674
10685
10696
10707
10718
10730
10741
10752
10764
10775
10786
10797
10809
10820
10831
10842
10854
10865
10875
10887
10899
10909
10920
10931
10943
10954
10965
10977
10988
10999
11010
11021
11033
11043
11055
11066
11077
11088
11099
11111
11122
11133
11144
11155
11166
11178
11189
11200
11211
11222
11234
11245
11256
11267
11279
11289
11300
11312
11323
11334
11345
11356
11367
11378
11389
11401
11412
11423
11434
11445
11457
11468
11478
11490
11501
11512
11524
11535
11546
11557
11568
11580
11591
11602
11613
11625
11635
11646
11658
11669
11680
11691
11702
11714
11725
11736
11748
11759
11770
11781
11792
11804
11815
11826
11838
11848
11859
11871
11883
11893
11904
11916
11927
11938
11950
11961
11973
11983
11995
12006
12018
12029
12041
12052
12063
12074
12086
12097
12108
12119
12131
12142
12153
12165
12177
12188
12199
12210
12222
12234
12245
12256
12268
12279
12290
12302
12314
12325
12336
12348
12360
12371
12383
12394
12406
12417
12429
12441
12452
12463
12475
12487
12498
12510
12522
12533
12544
12556
12568
12580
12591
12603
12615
12626
12638
12650
12662
12673
12685
12697
12709
12720
12733
12744
12756
12768
12780
12791
12803
12816
12827
12839
12851
12863
12875
12886
12899
12911
12923
12935
12947
12959
12971
12983
12995
13007
13019
13031
13044
13056
13068
13080
13092
13104
13117
13129
13141
13154
13166
13178
13190
13203
13215
13227
13240
13253
13265
13277
13290
13302
13314
13327
13340
13352
13365
13378
13390
13403
13416
13428
13441
13453
13466
13479
13492
13505
13517
13530
13543
13556
13569
13582
13595
13607
13621
13634
13647
13659
13673
13686
13699
13713
13725
13738
13752
13765
13778
13791
13805
13818
13831
13845
13858
13871
13885
13899
13912
13926
13939
13952
13966
13980
13993
14007
14021
14034
14048
14063
14076
14089
14104
14117
14132
14146
14159
14173
14188
14201
14215
14230
14244
14258
14273
14286
14300
14315
14329
14344
14358
14372
14386
14401
14416
14430
14445
14459
14474
14489
14503
14517
14533
14547
14561
14577
14591
14606
14622
14636
14651
14666
14681
14696
14711
14726
14741
14756
14771
14787
14802
14817
14833
14847
14863
14878
14893
14909
14924
14939
14955
14971
14986
15002
15017
15033
15049
15064
15079
15095
15111
15127
15142
15158
15174
15189
15205
15221
15236
15253
15268
15284
15300
15316
15331
15347
15363
15379
15395
15410
15427
15442
15458
15474
15490
15506
15522
15537
15553
15569
15585
15601
15616
15632
15648
15664
15680
15695
15711
15727
15743
15758
15774
15789
15805
15821
15836
15852
15867
15883
15899
15913
15929
15944
15959
15974
15990
16005
16021
16035
16050
16065
16081
16095
16110
16125
16140
16155
16169
16183
16198
16213
16227
16242
16256
16270
16285
16299
16313
16327
16341
16355
16370
16383